# oST version 5.0 parameters


[image]

width
640

height
480

[narrow_stereo]

camera matrix
854.935428 0.000000 299.292651
0.000000 855.770292 232.977688
0.000000 0.000000 1.000000

distortion
0.055722 0.281098 -0.000487 0.004090 0.000000

rectification
1.000000 0.000000 0.000000
0.000000 1.000000 0.000000
0.000000 0.000000 1.000000

projection
874.227942 0.000000 301.248370 0.000000
0.000000 877.677280 232.512652 0.000000
0.000000 0.000000 1.000000 0.000000

