image_width: 640
image_height: 480
camera_name: webcam
camera_matrix:
  rows: 3
  cols: 3
  data: [854.935428, 0.000000, 299.292651, 0.000000, 855.770292, 232.977688, 0.000000, 0.000000, 1.000000]
distortion_model: plumb_bob
distortion_coefficients:
  rows: 1
  cols: 5
  data: [0.055722, 0.281098, -0.000487, 0.004090, 0.000000]
rectification_matrix:
  rows: 3
  cols: 3
  data: [1.000000, 0.000000, 0.000000, 0.000000, 1.000000, 0.000000, 0.000000, 0.000000, 1.000000]
projection_matrix:
  rows: 3
  cols: 4
  data: [874.227942, 0.000000, 301.248370, 0.000000, 0.000000, 877.677280, 232.512652, 0.000000, 0.000000, 0.000000, 1.000000, 0.000000]
