# oST version 5.0 parameters


[image]

width
640

height
480

[narrow_stereo]

camera matrix
210.673891 0.000000 317.655690
0.000000 210.608033 241.755660
0.000000 0.000000 1.000000

distortion
0.042476 -0.022731 -0.002120 0.001703 0.000000

rectification
1.000000 0.000000 0.000000
0.000000 1.000000 0.000000
0.000000 0.000000 1.000000

projection
159.586645 0.000000 297.626302 0.000000
0.000000 166.768586 223.835861 0.000000
0.000000 0.000000 1.000000 0.000000

