image_width: 640
image_height: 480
camera_name: widecam
camera_matrix:
  rows: 3
  cols: 3
  data: [210.673891, 0.000000, 317.655690, 0.000000, 210.608033, 241.755660, 0.000000, 0.000000, 1.000000]
distortion_model: plumb_bob
distortion_coefficients:
  rows: 1
  cols: 5
  data: [0.042476, -0.022731, -0.002120, 0.001703, 0.000000]
rectification_matrix:
  rows: 3
  cols: 3
  data: [1.000000, 0.000000, 0.000000, 0.000000, 1.000000, 0.000000, 0.000000, 0.000000, 1.000000]
projection_matrix:
  rows: 3
  cols: 4
  data: [159.586645, 0.000000, 297.626302, 0.000000, 0.000000, 166.768586, 223.835861, 0.000000, 0.000000, 0.000000, 1.000000, 0.000000]
